$ 1 0.000005 14.235633750745258 65 10 42
t 256 192 320 192 0 1 0.7140554092857547 0.7137980439782279 100
t 256 288 320 288 0 -1 4.0140554092857545 0.7137980439782279 100
w 320 208 320 240 0
w 320 240 320 272 0
w 320 304 320 352 0
w 320 128 320 176 0
R 320 128 320 80 0 0 40 3.3 0 0 0.5
w 256 240 256 288 0
w 256 192 256 240 0
g 320 352 320 400 0
r 176 240 224 240 0 10
w 256 240 224 240 0
R 112 224 112 176 0 1 40 5 0 0 0.159154943092
S 160 240 112 240 0 0 false 0 2
w 160 240 176 240 0
R 112 256 112 304 0 2 40 5 0 0 0.5
f 400 240 448 240 32 1 10
w 448 320 448 256 0
R 448 144 448 112 0 0 40 12 0 0 0.5
g 448 320 448 400 0
162 448 144 448 224 2 default-led 1 0 0 0.01
w 400 240 320 240 0
t 784 192 816 192 0 1 -11.244836357798386 0.7043862934387788 100
t 784 304 816 304 0 1 0.6623927462262381 0.7131700949890735 100
w 784 192 752 192 0
w 752 304 784 304 0
r 720 240 656 240 0 1000
R 608 256 608 304 0 2 40 5 0 0 0.5
g 816 320 816 352 0
t 720 240 752 240 0 1 0.6275394869658355 0.6695330341783762 100
w 752 304 752 256 0
w 752 224 752 192 0
S 656 240 608 240 0 0 false 0 2
R 608 224 608 176 0 1 40 5 0 0 0.5
w 816 208 816 240 0
w 816 240 848 240 0
w 816 240 816 288 0
r 752 192 752 128 0 1000
w 816 176 816 128 0
w 816 128 752 128 0
R 816 128 816 80 0 0 40 12 0 0 0.5
403 336 256 400 320 0 21_8_0_4098_5_0.1_0_2_21_3
403 128 144 192 208 0 12_8_0_4098_5_0.1_0_2_12_3
403 128 272 192 320 0 15_8_0_4098_5_0.1_0_2_15_3
403 624 144 720 208 0 33_8_0_4098_5_0.1_0_2_33_3
403 640 256 720 320 0 27_8_0_4098_5_0.1_0_2_27_3
403 800 224 880 288 0 35_8_0_4098_0.625_0.1_0_2_35_3
162 928 144 928 224 2 default-led 1 0 0 0.01
g 928 320 928 400 0
R 928 144 928 112 0 0 40 12 0 0 0.5
w 928 320 928 256 0
f 880 240 928 240 32 1 10
w 816 240 880 240 0
o 21 64 0 4099 5 0.00009765625 0 2 21 3
o 52 64 0 4099 20 0.00009765625 1 2 52 3
